1	99	0.0314791	
2	98	0.0560015	
3	97	0.0778825	
4	96	0.0980391	
5	95	0.116907	
6	94	0.134742	
7	93	0.151714	
8	92	0.167944	
9	91	0.183521	
10	90	0.198515	
11	89	0.212982	
12	88	0.226968	
13	87	0.240509	
14	86	0.253639	
15	85	0.266384	
16	84	0.278769	
17	83	0.290814	
18	82	0.302538	
19	81	0.313956	
20	80	0.325083	
21	79	0.335932	
22	78	0.346515	
23	77	0.356843	
24	76	0.366925	
25	75	0.37677	
26	74	0.386387	
27	73	0.395782	
28	72	0.404963	
29	71	0.413937	
30	72	0.404963	
31	71	0.413937	
32	70	0.422709	
33	69	0.431285	
34	68	0.43967	
35	67	0.447869	
36	68	0.43967	
37	69	0.431285	
38	68	0.43967	
39	69	0.431285	
40	68	0.43967	
41	69	0.431285	
42	68	0.43967	
43	69	0.431285	
44	68	0.43967	
45	67	0.447869	
46	66	0.455886	
47	65	0.463726	
48	64	0.471393	
49	65	0.463726	
50	64	0.471393	
51	63	0.478891	
52	64	0.471393	
53	63	0.478891	
54	62	0.486223	
55	61	0.493392	
56	60	0.500402	
57	61	0.493392	
58	62	0.486223	
59	61	0.493392	
60	60	0.500402	
61	59	0.507256	
62	58	0.513957	
63	57	0.520506	
64	56	0.526908	
65	57	0.520506	
66	58	0.513957	
67	57	0.520506	
68	58	0.513957	
69	57	0.520506	
70	56	0.526908	
71	57	0.520506	
72	56	0.526908	
73	57	0.520506	
74	56	0.526908	
75	55	0.533164	
76	54	0.539276	
77	53	0.545248	
78	52	0.55108	
79	51	0.556775	
80	50	0.562335	
81	49	0.567762	
82	48	0.573057	
83	47	0.578222	
84	46	0.583259	
85	45	0.588169	
86	46	0.583259	
87	45	0.588169	
88	44	0.592953	
89	43	0.597614	
90	42	0.602152	
91	41	0.606568	
92	40	0.610864	
93	41	0.606568	
94	42	0.602152	
95	41	0.606568	
96	40	0.610864	
97	41	0.606568	
98	42	0.602152	
99	41	0.606568	
100	42	0.602152	
101	41	0.606568	
102	40	0.610864	
103	41	0.606568	
104	42	0.602152	
105	43	0.597614	
106	42	0.602152	
107	41	0.606568	
108	40	0.610864	
109	39	0.615041	
110	40	0.610864	
111	39	0.615041	
112	40	0.610864	
113	39	0.615041	
114	38	0.619101	
115	39	0.615041	
116	38	0.619101	
117	37	0.623043	
118	36	0.626869	
119	35	0.630581	
120	34	0.634179	
121	33	0.637663	
122	32	0.641035	
123	31	0.644296	
124	32	0.641035	
125	33	0.637663	
126	32	0.641035	
127	33	0.637663	
128	32	0.641035	
129	31	0.644296	
130	32	0.641035	
131	33	0.637663	
132	34	0.634179	
133	33	0.637663	
134	32	0.641035	
135	31	0.644296	
136	30	0.647447	
137	29	0.650487	
138	28	0.653418	
139	29	0.650487	
140	28	0.653418	
141	27	0.656241	
142	26	0.658956	
143	27	0.656241	
144	26	0.658956	
145	25	0.661563	
146	24	0.664064	
147	23	0.666459	
148	22	0.668748	
149	21	0.670932	
150	20	0.673012	
151	21	0.670932	
152	20	0.673012	
153	21	0.670932	
154	22	0.668748	
155	21	0.670932	
156	20	0.673012	
157	21	0.670932	
158	22	0.668748	
159	21	0.670932	
160	20	0.673012	
161	19	0.674987	
162	18	0.676859	
163	19	0.674987	
164	18	0.676859	
165	19	0.674987	
166	20	0.673012	
167	19	0.674987	
168	18	0.676859	
169	17	0.678627	
170	16	0.680292	
171	15	0.681855	
172	14	0.683315	
173	13	0.684673	
174	12	0.68593	
175	11	0.687085	
176	12	0.68593	
177	13	0.684673	
178	14	0.683315	
179	15	0.681855	
180	14	0.683315	
181	13	0.684673	
182	12	0.68593	
183	11	0.687085	
184	12	0.68593	
185	13	0.684673	
186	12	0.68593	
187	11	0.687085	
188	12	0.68593	
189	13	0.684673	
190	14	0.683315	
191	15	0.681855	
192	16	0.680292	
193	15	0.681855	
194	16	0.680292	
195	17	0.678627	
196	16	0.680292	
197	17	0.678627	
198	16	0.680292	
199	17	0.678627	
200	18	0.676859	
201	17	0.678627	
202	16	0.680292	
203	17	0.678627	
204	18	0.676859	
205	19	0.674987	
206	18	0.676859	
207	17	0.678627	
208	18	0.676859	
209	17	0.678627	
210	16	0.680292	
211	15	0.681855	
212	16	0.680292	
213	15	0.681855	
214	14	0.683315	
215	15	0.681855	
216	14	0.683315	
217	15	0.681855	
218	14	0.683315	
219	15	0.681855	
220	16	0.680292	
221	17	0.678627	
222	16	0.680292	
223	17	0.678627	
224	18	0.676859	
225	19	0.674987	
226	18	0.676859	
227	17	0.678627	
228	16	0.680292	
229	17	0.678627	
230	18	0.676859	
231	19	0.674987	
232	18	0.676859	
233	17	0.678627	
234	16	0.680292	
235	15	0.681855	
236	14	0.683315	
237	15	0.681855	
238	16	0.680292	
239	15	0.681855	
240	16	0.680292	
241	17	0.678627	
242	18	0.676859	
243	19	0.674987	
244	20	0.673012	
245	19	0.674987	
246	20	0.673012	
247	19	0.674987	
248	18	0.676859	
249	17	0.678627	
250	16	0.680292	
251	15	0.681855	
252	16	0.680292	
253	15	0.681855	
254	16	0.680292	
255	15	0.681855	
256	16	0.680292	
257	15	0.681855	
258	16	0.680292	
259	15	0.681855	
260	14	0.683315	
261	13	0.684673	
262	14	0.683315	
263	15	0.681855	
264	14	0.683315	
265	15	0.681855	
266	14	0.683315	
267	13	0.684673	
268	12	0.68593	
269	11	0.687085	
270	12	0.68593	
271	11	0.687085	
272	10	0.688139	
273	11	0.687085	
274	10	0.688139	
275	11	0.687085	
276	10	0.688139	
277	9	0.689092	
278	10	0.688139	
279	11	0.687085	
280	10	0.688139	
281	9	0.689092	
282	8	0.689944	
283	7	0.690695	
284	8	0.689944	
285	9	0.689092	
286	8	0.689944	
287	9	0.689092	
288	8	0.689944	
289	9	0.689092	
290	10	0.688139	
291	9	0.689092	
292	8	0.689944	
293	7	0.690695	
294	8	0.689944	
295	9	0.689092	
296	10	0.688139	
297	9	0.689092	
298	8	0.689944	
299	9	0.689092	
300	10	0.688139	
301	9	0.689092	
302	8	0.689944	
303	9	0.689092	
304	10	0.688139	
305	9	0.689092	
306	10	0.688139	
307	11	0.687085	
308	10	0.688139	
309	9	0.689092	
310	10	0.688139	
311	11	0.687085	
312	12	0.68593	
313	13	0.684673	
314	12	0.68593	
315	11	0.687085	
316	10	0.688139	
317	11	0.687085	
318	12	0.68593	
319	11	0.687085	
320	12	0.68593	
321	13	0.684673	
322	14	0.683315	
323	15	0.681855	
324	16	0.680292	
325	15	0.681855	
326	14	0.683315	
327	15	0.681855	
328	14	0.683315	
329	15	0.681855	
330	16	0.680292	
331	17	0.678627	
332	16	0.680292	
333	15	0.681855	
334	14	0.683315	
335	13	0.684673	
336	12	0.68593	
337	11	0.687085	
338	12	0.68593	
339	11	0.687085	
340	12	0.68593	
341	13	0.684673	
342	12	0.68593	
343	13	0.684673	
344	12	0.68593	
345	11	0.687085	
346	12	0.68593	
347	11	0.687085	
348	12	0.68593	
349	11	0.687085	
350	10	0.688139	
351	9	0.689092	
352	8	0.689944	
353	7	0.690695	
354	6	0.691346	
355	5	0.691897	
356	4	0.692347	
357	3	0.692697	
358	4	0.692347	
359	3	0.692697	
360	2	0.692947	
361	3	0.692697	
362	2	0.692947	
363	3	0.692697	
364	4	0.692347	
365	5	0.691897	
366	6	0.691346	
367	5	0.691897	
368	4	0.692347	
369	3	0.692697	
370	2	0.692947	
371	1	0.693097	
372	0	0.693147	
373	1	0.693097	
374	2	0.692947	
375	3	0.692697	
376	2	0.692947	
377	3	0.692697	
378	4	0.692347	
379	3	0.692697	
380	4	0.692347	
381	3	0.692697	
382	2	0.692947	
383	1	0.693097	
384	2	0.692947	
385	1	0.693097	
386	0	0.693147	
387	-1	0.693097	
388	0	0.693147	
389	-1	0.693097	
390	-2	0.692947	
391	-1	0.693097	
392	0	0.693147	
393	-1	0.693097	
394	0	0.693147	
395	-1	0.693097	
396	0	0.693147	
397	1	0.693097	
398	2	0.692947	
399	1	0.693097	
400	0	0.693147	
401	1	0.693097	
402	0	0.693147	
403	1	0.693097	
404	0	0.693147	
405	-1	0.693097	
406	-2	0.692947	
407	-1	0.693097	
408	0	0.693147	
409	1	0.693097	
410	0	0.693147	
411	1	0.693097	
412	2	0.692947	
413	1	0.693097	
414	2	0.692947	
415	3	0.692697	
416	4	0.692347	
417	5	0.691897	
418	6	0.691346	
419	5	0.691897	
420	4	0.692347	
421	5	0.691897	
422	4	0.692347	
423	5	0.691897	
424	6	0.691346	
425	7	0.690695	
426	6	0.691346	
427	5	0.691897	
428	4	0.692347	
429	5	0.691897	
430	6	0.691346	
431	5	0.691897	
432	6	0.691346	
433	5	0.691897	
434	4	0.692347	
435	3	0.692697	
436	4	0.692347	
437	3	0.692697	
438	2	0.692947	
439	1	0.693097	
440	2	0.692947	
441	1	0.693097	
442	2	0.692947	
443	3	0.692697	
444	2	0.692947	
445	1	0.693097	
446	2	0.692947	
447	3	0.692697	
448	2	0.692947	
449	1	0.693097	
450	0	0.693147	
451	1	0.693097	
452	2	0.692947	
453	3	0.692697	
454	2	0.692947	
455	3	0.692697	
456	2	0.692947	
457	1	0.693097	
458	2	0.692947	
459	1	0.693097	
460	2	0.692947	
461	1	0.693097	
462	0	0.693147	
463	-1	0.693097	
464	0	0.693147	
465	1	0.693097	
466	2	0.692947	
467	1	0.693097	
468	0	0.693147	
469	-1	0.693097	
470	-2	0.692947	
471	-3	0.692697	
472	-2	0.692947	
473	-3	0.692697	
474	-4	0.692347	
475	-5	0.691897	
476	-4	0.692347	
477	-5	0.691897	
478	-4	0.692347	
479	-5	0.691897	
480	-4	0.692347	
481	-3	0.692697	
482	-2	0.692947	
483	-3	0.692697	
484	-2	0.692947	
485	-1	0.693097	
486	0	0.693147	
487	-1	0.693097	
488	0	0.693147	
489	1	0.693097	
490	0	0.693147	
491	1	0.693097	
492	2	0.692947	
493	1	0.693097	
494	2	0.692947	
495	1	0.693097	
496	2	0.692947	
497	1	0.693097	
498	0	0.693147	
499	1	0.693097	
500	2	0.692947	
501	3	0.692697	
502	4	0.692347	
503	3	0.692697	
504	2	0.692947	
505	1	0.693097	
506	2	0.692947	
507	3	0.692697	
508	4	0.692347	
509	3	0.692697	
510	4	0.692347	
511	3	0.692697	
512	4	0.692347	
513	3	0.692697	
514	4	0.692347	
515	3	0.692697	
516	2	0.692947	
517	1	0.693097	
518	2	0.692947	
519	1	0.693097	
520	2	0.692947	
521	1	0.693097	
522	2	0.692947	
523	1	0.693097	
524	0	0.693147	
525	-1	0.693097	
526	-2	0.692947	
527	-3	0.692697	
528	-4	0.692347	
529	-5	0.691897	
530	-4	0.692347	
531	-5	0.691897	
532	-6	0.691346	
533	-5	0.691897	
534	-4	0.692347	
535	-3	0.692697	
536	-2	0.692947	
537	-3	0.692697	
538	-2	0.692947	
539	-1	0.693097	
540	0	0.693147	
541	-1	0.693097	
542	0	0.693147	
543	1	0.693097	
544	2	0.692947	
545	3	0.692697	
546	4	0.692347	
547	3	0.692697	
548	2	0.692947	
549	1	0.693097	
550	0	0.693147	
551	-1	0.693097	
552	0	0.693147	
553	1	0.693097	
554	2	0.692947	
555	1	0.693097	
556	0	0.693147	
557	-1	0.693097	
558	0	0.693147	
559	-1	0.693097	
560	-2	0.692947	
561	-3	0.692697	
562	-4	0.692347	
563	-5	0.691897	
564	-4	0.692347	
565	-3	0.692697	
566	-4	0.692347	
567	-5	0.691897	
568	-4	0.692347	
569	-3	0.692697	
570	-2	0.692947	
571	-1	0.693097	
572	-2	0.692947	
573	-1	0.693097	
574	-2	0.692947	
575	-1	0.693097	
576	-2	0.692947	
577	-3	0.692697	
578	-4	0.692347	
579	-3	0.692697	
580	-4	0.692347	
581	-5	0.691897	
582	-4	0.692347	
583	-3	0.692697	
584	-2	0.692947	
585	-1	0.693097	
586	0	0.693147	
587	-1	0.693097	
588	0	0.693147	
589	1	0.693097	
590	2	0.692947	
591	1	0.693097	
592	2	0.692947	
593	1	0.693097	
594	0	0.693147	
595	-1	0.693097	
596	-2	0.692947	
597	-3	0.692697	
598	-4	0.692347	
599	-5	0.691897	
600	-6	0.691346	
601	-7	0.690695	
602	-8	0.689944	
603	-9	0.689092	
604	-8	0.689944	
605	-9	0.689092	
606	-10	0.688139	
607	-9	0.689092	
608	-8	0.689944	
609	-7	0.690695	
610	-8	0.689944	
611	-9	0.689092	
612	-8	0.689944	
613	-7	0.690695	
614	-6	0.691346	
615	-7	0.690695	
616	-8	0.689944	
617	-7	0.690695	
618	-6	0.691346	
619	-5	0.691897	
620	-4	0.692347	
621	-5	0.691897	
622	-6	0.691346	
623	-7	0.690695	
624	-8	0.689944	
625	-7	0.690695	
626	-8	0.689944	
627	-7	0.690695	
628	-8	0.689944	
629	-9	0.689092	
630	-8	0.689944	
631	-7	0.690695	
632	-6	0.691346	
633	-5	0.691897	
634	-4	0.692347	
635	-5	0.691897	
636	-6	0.691346	
637	-7	0.690695	
638	-6	0.691346	
639	-5	0.691897	
640	-4	0.692347	
641	-3	0.692697	
642	-2	0.692947	
643	-1	0.693097	
644	0	0.693147	
645	1	0.693097	
646	0	0.693147	
647	1	0.693097	
648	2	0.692947	
649	1	0.693097	
650	2	0.692947	
651	3	0.692697	
652	4	0.692347	
653	5	0.691897	
654	4	0.692347	
655	3	0.692697	
656	2	0.692947	
657	1	0.693097	
658	0	0.693147	
659	1	0.693097	
660	2	0.692947	
661	1	0.693097	
662	0	0.693147	
663	1	0.693097	
664	2	0.692947	
665	1	0.693097	
666	2	0.692947	
667	3	0.692697	
668	2	0.692947	
669	3	0.692697	
670	2	0.692947	
671	1	0.693097	
672	2	0.692947	
673	3	0.692697	
674	4	0.692347	
675	5	0.691897	
676	4	0.692347	
677	3	0.692697	
678	2	0.692947	
679	1	0.693097	
680	2	0.692947	
681	3	0.692697	
682	2	0.692947	
683	1	0.693097	
684	0	0.693147	
685	1	0.693097	
686	0	0.693147	
687	1	0.693097	
688	2	0.692947	
689	3	0.692697	
690	4	0.692347	
691	3	0.692697	
692	4	0.692347	
693	3	0.692697	
694	4	0.692347	
695	5	0.691897	
696	6	0.691346	
697	5	0.691897	
698	6	0.691346	
699	7	0.690695	
700	6	0.691346	
701	7	0.690695	
702	8	0.689944	
703	7	0.690695	
704	8	0.689944	
705	7	0.690695	
706	8	0.689944	
707	7	0.690695	
708	8	0.689944	
709	7	0.690695	
710	6	0.691346	
711	5	0.691897	
712	6	0.691346	
713	5	0.691897	
714	4	0.692347	
715	3	0.692697	
716	4	0.692347	
717	5	0.691897	
718	6	0.691346	
719	5	0.691897	
720	4	0.692347	
721	3	0.692697	
722	2	0.692947	
723	3	0.692697	
724	4	0.692347	
725	5	0.691897	
726	4	0.692347	
727	3	0.692697	
728	2	0.692947	
729	3	0.692697	
730	2	0.692947	
731	3	0.692697	
732	2	0.692947	
733	1	0.693097	
734	2	0.692947	
735	1	0.693097	
736	2	0.692947	
737	3	0.692697	
738	4	0.692347	
739	5	0.691897	
740	6	0.691346	
741	7	0.690695	
742	6	0.691346	
743	5	0.691897	
744	4	0.692347	
745	3	0.692697	
746	4	0.692347	
747	5	0.691897	
748	6	0.691346	
749	5	0.691897	
750	4	0.692347	
751	3	0.692697	
752	2	0.692947	
753	3	0.692697	
754	2	0.692947	
755	1	0.693097	
756	0	0.693147	
757	1	0.693097	
758	0	0.693147	
759	-1	0.693097	
760	0	0.693147	
761	1	0.693097	
762	0	0.693147	
763	1	0.693097	
764	0	0.693147	
765	1	0.693097	
766	0	0.693147	
767	-1	0.693097	
768	0	0.693147	
769	1	0.693097	
770	0	0.693147	
771	1	0.693097	
772	2	0.692947	
773	1	0.693097	
774	2	0.692947	
775	3	0.692697	
776	2	0.692947	
777	3	0.692697	
778	2	0.692947	
779	1	0.693097	
780	2	0.692947	
781	3	0.692697	
782	4	0.692347	
783	5	0.691897	
784	4	0.692347	
785	3	0.692697	
786	4	0.692347	
787	3	0.692697	
788	4	0.692347	
789	3	0.692697	
790	4	0.692347	
791	3	0.692697	
792	2	0.692947	
793	3	0.692697	
794	4	0.692347	
795	3	0.692697	
796	2	0.692947	
797	3	0.692697	
798	2	0.692947	
799	1	0.693097	
800	0	0.693147	
801	1	0.693097	
802	0	0.693147	
803	1	0.693097	
804	0	0.693147	
805	-1	0.693097	
806	0	0.693147	
807	-1	0.693097	
808	-2	0.692947	
809	-1	0.693097	
810	-2	0.692947	
811	-1	0.693097	
812	-2	0.692947	
813	-3	0.692697	
814	-4	0.692347	
815	-5	0.691897	
816	-4	0.692347	
817	-5	0.691897	
818	-6	0.691346	
819	-5	0.691897	
820	-6	0.691346	
821	-7	0.690695	
822	-6	0.691346	
823	-7	0.690695	
824	-6	0.691346	
825	-7	0.690695	
826	-6	0.691346	
827	-5	0.691897	
828	-4	0.692347	
829	-5	0.691897	
830	-6	0.691346	
831	-7	0.690695	
832	-8	0.689944	
833	-9	0.689092	
834	-8	0.689944	
835	-9	0.689092	
836	-8	0.689944	
837	-7	0.690695	
838	-6	0.691346	
839	-7	0.690695	
840	-8	0.689944	
841	-7	0.690695	
842	-6	0.691346	
843	-5	0.691897	
844	-4	0.692347	
845	-5	0.691897	
846	-4	0.692347	
847	-5	0.691897	
848	-4	0.692347	
849	-5	0.691897	
850	-4	0.692347	
851	-3	0.692697	
852	-2	0.692947	
853	-1	0.693097	
854	0	0.693147	
855	1	0.693097	
856	2	0.692947	
857	3	0.692697	
858	2	0.692947	
859	1	0.693097	
860	0	0.693147	
861	-1	0.693097	
862	0	0.693147	
863	-1	0.693097	
864	0	0.693147	
865	-1	0.693097	
866	-2	0.692947	
867	-1	0.693097	
868	0	0.693147	
869	-1	0.693097	
870	-2	0.692947	
871	-3	0.692697	
872	-4	0.692347	
873	-3	0.692697	
874	-4	0.692347	
875	-5	0.691897	
876	-4	0.692347	
877	-5	0.691897	
878	-4	0.692347	
879	-5	0.691897	
880	-6	0.691346	
881	-5	0.691897	
882	-4	0.692347	
883	-3	0.692697	
884	-2	0.692947	
885	-1	0.693097	
886	0	0.693147	
887	1	0.693097	
888	0	0.693147	
889	1	0.693097	
890	0	0.693147	
891	-1	0.693097	
892	0	0.693147	
893	-1	0.693097	
894	-2	0.692947	
895	-1	0.693097	
896	-2	0.692947	
897	-3	0.692697	
898	-4	0.692347	
899	-5	0.691897	
900	-6	0.691346	
901	-7	0.690695	
902	-8	0.689944	
903	-7	0.690695	
904	-6	0.691346	
905	-7	0.690695	
906	-8	0.689944	
907	-9	0.689092	
908	-10	0.688139	
909	-11	0.687085	
910	-12	0.68593	
911	-11	0.687085	
912	-12	0.68593	
913	-11	0.687085	
914	-10	0.688139	
915	-11	0.687085	
916	-12	0.68593	
917	-11	0.687085	
918	-10	0.688139	
919	-11	0.687085	
920	-10	0.688139	
921	-11	0.687085	
922	-10	0.688139	
923	-11	0.687085	
924	-12	0.68593	
925	-13	0.684673	
926	-12	0.68593	
927	-11	0.687085	
928	-12	0.68593	
929	-11	0.687085	
930	-10	0.688139	
931	-9	0.689092	
932	-10	0.688139	
933	-11	0.687085	
934	-10	0.688139	
935	-11	0.687085	
936	-12	0.68593	
937	-11	0.687085	
938	-10	0.688139	
939	-9	0.689092	
940	-10	0.688139	
941	-11	0.687085	
942	-10	0.688139	
943	-11	0.687085	
944	-10	0.688139	
945	-11	0.687085	
946	-10	0.688139	
947	-9	0.689092	
948	-10	0.688139	
949	-11	0.687085	
950	-10	0.688139	
951	-11	0.687085	
952	-10	0.688139	
953	-9	0.689092	
954	-10	0.688139	
955	-11	0.687085	
956	-12	0.68593	
957	-11	0.687085	
958	-12	0.68593	
959	-13	0.684673	
960	-12	0.68593	
961	-11	0.687085	
962	-10	0.688139	
963	-11	0.687085	
964	-12	0.68593	
965	-13	0.684673	
966	-12	0.68593	
967	-13	0.684673	
968	-14	0.683315	
969	-13	0.684673	
970	-12	0.68593	
971	-11	0.687085	
972	-10	0.688139	
973	-11	0.687085	
974	-10	0.688139	
975	-9	0.689092	
976	-8	0.689944	
977	-7	0.690695	
978	-6	0.691346	
979	-7	0.690695	
980	-6	0.691346	
981	-7	0.690695	
982	-6	0.691346	
983	-5	0.691897	
984	-4	0.692347	
985	-3	0.692697	
986	-2	0.692947	
987	-1	0.693097	
988	0	0.693147	
989	-1	0.693097	
990	-2	0.692947	
991	-3	0.692697	
992	-4	0.692347	
993	-5	0.691897	
994	-4	0.692347	
995	-5	0.691897	
996	-6	0.691346	
997	-7	0.690695	
998	-6	0.691346	
999	-7	0.690695	
